23.45 56.78 90.12 5.6
34.67 12.89 45.23 7.8
98.76 54.32 10.11 2.3
78.90 32.10 54.67 6.5
12.34 56.78 90.21 4.3
87.65 43.21 98.76 9.8
11.22 33.44 55.66 3.3
44.55 66.77 88.99 7.6
99.88 77.66 55.44 3.2
12.34 56.78 90.21 4.3
87.65 43.21 98.76 9.8
11.22 33.44 55.66 3.3
44.55 66.77 88.99 7.6
99.88 77.66 55.44 3.2
12.34 56.78 90.21 4.3
87.65 43.21 98.76 9.8
11.22 33.44 55.66 3.3
44.55 66.77 88.99 7.6
99.88 77.66 55.44 3.2
12.34 56.78 90.21 4.3
87.65 43.21 98.76 9.8
11.22 33.44 55.66 3.3
44.55 66.77 88.99 7.6
99.88 77.66 55.44 3.2
12.34 56.78 90.21 4.3
87.65 43.21 98.76 9.8
11.22 33.44 55.66 3.3
44.55 66.77 88.99 7.6
99.88 77.66 55.44 3.2
12.34 56.78 90.21 4.3
87.65 43.21 98.76 9.8
11.22 33.44 55.66 3.3
44.55 66.77 88.99 7.6
99.88 77.66 55.44 3.2
12.34 56.78 90.21 4.3
87.65 43.21 98.76 9.8
11.22 33.44 55.66 3.3
44.55 66.77 88.99 7.6
99.88 77.66 55.44 3.2
12.34 56.78 90.21 4.3
87.65 43.21 98.76 9.8
11.22 33.44 55.66 3.3
44.55 66.77 88.99 7.6
99.88 77.66 55.44 3.2
12.34 56.78 90.21 4.3
87.65 43.21 98.76 9.8
11.22 33.44 55.66 3.3
44.55 66.77 88.99 7.6
99.88 77.66 55.44 3.2
12.34 56.78 90.21 4.3
87.65 43.21 98.76 9.8
11.22 33.44 55.66 3.3
44.55 66.77 88.99 7.6
99.88 77.66 55.44 3.2
12.34 56.78 90.21 4.3
87.65 43.21 98.76 9.8
11.22 33.44 55.66 3.3
44.55 66.77 88.99 7.6
99.88 77.66 55.44 3.2
12.34 56.78 90.21 4.3
87.65 43.21 98.76 9.8
11.22 33.44 55.66 3.3
44.55 66.77 88.99 7.6
99.88 77.66 55.44 3.2
12.34 56.78 90.21 4.3
87.65 43.21 98.76 9.8
11.22 33.44 55.66 3.3
44.55 66.77 88.99 7.6
99.88 77.66 55.44 3.2
12.34 56.78 90.21 4.3
87.65 43.21 98.76 9.8
11.22 33.44 55.66 3.3
44.55 66.77 88.99 7.6
99.88 77.66 55.44 3.2
12.34 56.78 90.21 4.3
87.65 43.21 98.76 9.8
11.22 33.44 55.66 3.3
44.55 66.77 88.99 7.6
99.88 77.66 55.44 3.2
12.34 56.78 90
